1.699759825253972052e-03
1.653820370517378137e-03
1.610298781819552482e-03
1.569009069465204971e-03
1.529783842728574695e-03
1.492472041686414416e-03
1.456936993074833125e-03
1.423054737421929929e-03
1.390712584298704367e-03
1.359807860203177555e-03
1.330246819763978043e-03
1.301943695939212576e-03
1.274819868940478985e-03
1.248803136921285443e-03
1.223827074182859756e-03
1.199830464885156666e-03
1.176756802098903728e-03
1.154553843568735701e-03
1.133173216835981368e-03
1.112570067438963493e-03
1.092702744806124844e-03
1.073532521213034843e-03
1.055023339812810254e-03
1.037141588290559167e-03
1.019855895152383275e-03
1.003136946051524404e-03
9.869573178894030640e-04
9.712913287165553808e-04
9.561149017053592386e-04
