1.037141588290559167e-03
1.019855895152383275e-03
1.003136946051524404e-03
9.869573178894030640e-04
9.712913287165553808e-04
9.561149017053592386e-04
9.414054416791229393e-04
9.271417228658029473e-04
9.133037867036266884e-04
8.998728486638674995e-04
8.868312131759853618e-04
8.741621958448999186e-04
8.618500522414505828e-04
8.498799126269860260e-04
8.382377220430547180e-04
8.269101852586890683e-04
8.158847161219065763e-04
8.051493909097762408e-04
7.946929053135453214e-04
7.845045347326024855e-04
7.745740975840884751e-04
7.648919213642873475e-04
7.554488112239875425e-04
7.462360208432072079e-04
7.372452254113613223e-04
7.284684965374165627e-04
7.198982789310939996e-04
7.115273687109649643e-04
7.033488932085401333e-04
6.953562921493521834e-04
6.875433001027301963e-04
6.799039301015887774e-04
6.724324583422306399e-04
6.651234098819890214e-04
6.579715452596020427e-04
6.509718479696062878e-04
6.441195127278209927e-04
6.374099344702394924e-04
6.308386980324019472e-04
6.244015684606427216e-04
6.180944819105352621e-04
6.119135370914298780e-04
6.058549872192375277e-04
5.999152324425783330e-04
5.940908127101261109e-04
5.883784010494518641e-04
5.827747972299332068e-04
5.772769217843678503e-04
5.718818103658224010e-04
5.665866084179906840e-04
5.613885661389265503e-04
5.562850337194817467e-04
5.512734568391260094e-04
