1.713759825253970874e-03
1.667820370517376959e-03
1.623298781819551388e-03
1.582009069465203878e-03
1.542783842728573602e-03
1.505472041686413322e-03
1.468936993074832116e-03
1.435054737421928919e-03
1.402712584298703357e-03
1.371807860203176545e-03
1.341246819763977118e-03
1.312943695939211650e-03
1.285819868940478060e-03
1.259803136921284518e-03
1.234827074182858831e-03
1.209830464885155825e-03
1.186756802098902887e-03
1.164553843568734860e-03
1.143173216835980527e-03
1.122570067438962652e-03
1.102702744806124003e-03
1.082532521213034086e-03
1.064023339812809497e-03
1.046141588290558410e-03
1.028855895152382518e-03
1.012136946051523647e-03
9.959573178894023070e-04
9.802913287165551659e-04
9.651149017053594573e-04
