1.680759825253973650e-03
1.635820370517379651e-03
1.592298781819553996e-03
1.551009069465206485e-03
1.512783842728576125e-03
1.475472041686415846e-03
1.440936993074834471e-03
1.407054737421931274e-03
1.374712584298705713e-03
1.344807860203178817e-03
1.315246819763979304e-03
1.286943695939213837e-03
1.259819868940480246e-03
1.234803136921286621e-03
1.209827074182860934e-03
1.185830464885157844e-03
1.162756802098904906e-03
1.141553843568736794e-03
1.120173216835982461e-03
1.099570067438964587e-03
1.079702744806125938e-03
1.060532521213035937e-03
1.043023339812811263e-03
1.025141588290560176e-03
1.007855895152384284e-03
9.911369460515254137e-04
9.749573178894038565e-04
9.602913287165551134e-04
9.451149017053589712e-04
