1.047141588290558326e-03
1.029855895152382433e-03
1.013136946051523563e-03
9.969573178894022229e-04
9.812913287165550818e-04
9.661149017053594816e-04
9.514054416791231823e-04
9.361417228658031661e-04
9.223037867036269072e-04
9.088728486638677183e-04
8.958312131759855806e-04
8.831621958449001374e-04
8.708500522414508015e-04
8.588799126269862447e-04
8.472377220430549367e-04
8.359101852586892870e-04
8.238847161219067707e-04
8.131493909097764353e-04
8.026929053135455159e-04
7.925045347326026800e-04
7.825740975840886696e-04
7.728919213642875419e-04
7.634488112239877370e-04
7.542360208432074024e-04
7.452452254113615168e-04
7.364684965374167572e-04
7.278982789310941941e-04
7.195273687109651588e-04
7.103488932085403034e-04
7.023562921493523535e-04
6.945433001027303665e-04
6.869039301015889476e-04
6.794324583422308101e-04
6.721234098819891915e-04
6.649715452596022128e-04
6.579718479696064579e-04
6.511195127278211628e-04
6.444099344702396625e-04
6.378386980324021174e-04
6.314015684606428917e-04
6.250944819105354322e-04
6.189135370914300481e-04
6.128549872192376978e-04
6.069152324425785032e-04
6.010908127101262811e-04
5.953784010494520343e-04
5.887747972299333526e-04
5.832769217843679962e-04
5.778818103658225468e-04
5.725866084179908298e-04
5.673885661389266961e-04
5.622850337194818925e-04
5.572734568391261552e-04
