1.027141588290560008e-03
1.009855895152384116e-03
9.931369460515252455e-04
9.769573178894039051e-04
9.612913287165551377e-04
9.461149017053589955e-04
9.314054416791226962e-04
9.181417228658027285e-04
9.043037867036264697e-04
8.908728486638672808e-04
8.778312131759851431e-04
8.651621958448996999e-04
8.528500522414503640e-04
8.408799126269858072e-04
8.292377220430544992e-04
8.179101852586888495e-04
8.078847161219063818e-04
7.971493909097760464e-04
7.866929053135451270e-04
7.765045347326022911e-04
7.665740975840882807e-04
7.568919213642871530e-04
7.474488112239873481e-04
7.382360208432070135e-04
7.292452254113611278e-04
7.204684965374163683e-04
7.118982789310938052e-04
7.035273687109647699e-04
6.953488932085399388e-04
6.883562921493520132e-04
6.805433001027300262e-04
6.729039301015886073e-04
6.654324583422304698e-04
6.581234098819888512e-04
6.509715452596018725e-04
6.439718479696061176e-04
6.371195127278208225e-04
6.304099344702393222e-04
6.238386980324017771e-04
6.174015684606425514e-04
6.110944819105350919e-04
6.049135370914297078e-04
5.988549872192373575e-04
5.929152324425781629e-04
5.870908127101259408e-04
5.813784010494516940e-04
5.767747972299330610e-04
5.712769217843677045e-04
5.658818103658222552e-04
5.605866084179905381e-04
5.553885661389264044e-04
5.502850337194816008e-04
5.452734568391258635e-04
