1.045930923784546942e-03
1.028354694278653218e-03
1.011359380035553243e-03
9.949166510981885883e-04
9.789999900555756453e-04
9.635845493749323415e-04
9.486470219997316256e-04
9.341655237966044363e-04
9.201194866044000616e-04
9.064895607863959585e-04
8.932575263149417728e-04
8.804062115295063946e-04
8.679194188065312123e-04
8.557818564646733905e-04
8.439790763036235941e-04
8.324974162401666510e-04
8.213239475627192579e-04
8.104464263762879402e-04
7.998532488545423338e-04
7.895334099552474066e-04
7.794764652903168846e-04
7.696724958728141637e-04
7.601120754908022650e-04
7.507862404824950601e-04
7.416864617090201646e-04
7.328046185406155225e-04
7.241329746895122047e-04
7.156641557383542577e-04
7.073911282269800633e-04
6.993071801729280413e-04
6.914059029122961164e-04
6.836811741577087645e-04
6.761271421792758394e-04
6.687382110226520364e-04
6.615090266857289424e-04
6.544344641822105344e-04
6.475096154263884499e-04
6.407297778789387095e-04
6.340904438985483669e-04
6.275872907487072081e-04
6.212161712131137378e-04
6.149731047768870317e-04
6.088542693341842229e-04
6.028559933859243148e-04
5.969747486941558330e-04
5.912071433621895848e-04
5.855499153119804933e-04
5.799999261324072968e-04
5.745541552740738873e-04
5.692096945680739451e-04
5.639637430478207630e-04
5.588136020545702784e-04
5.537566706086716499e-04
