1.676152049903222377e-03
1.631471446591467589e-03
1.589110639953505684e-03
1.548893568574625504e-03
1.510661544694467430e-03
1.474271163129263007e-03
1.439592505062037503e-03
1.406507589312372538e-03
1.374909032204400935e-03
1.344698883978697823e-03
1.315787615201326199e-03
1.288093231088795372e-03
1.261540495305682333e-03
1.236060247769027497e-03
1.211588803441031141e-03
1.188067421111772739e-03
1.165441832847952629e-03
1.143661826176577915e-03
1.122680872235648107e-03
1.102455794098609367e-03
1.082946470298927402e-03
1.064115569272569648e-03
1.045928311021320466e-03
1.028352252796571392e-03
1.011357096026113331e-03
9.949145120674955656e-04
9.789979846806175397e-04
9.635826673775351164e-04
9.486452540357861356e-04
