1.723367600604721727e-03
1.676169294443288684e-03
1.631486923685599279e-03
1.589124570355784439e-03
1.548906140762681960e-03
1.510672920243565824e-03
1.474281481087628748e-03
1.439601885531487319e-03
1.406516136393007798e-03
1.374916836427657286e-03
1.344706024326629886e-03
1.315794160789629779e-03
1.288099242575275636e-03
1.261546026073543389e-03
1.236065344924688371e-03
1.211593508658540593e-03
1.188071771349854828e-03
1.165445860960893486e-03
1.143665561436314629e-03
1.122684340779317620e-03
1.102459019313322287e-03
1.082949473153500038e-03
1.064118368604300043e-03
1.045930923784546942e-03
1.028354694278653218e-03
1.011359380035553243e-03
9.949166510981885883e-04
9.789999900555756453e-04
9.635845493749323415e-04
