1.028352252796571392e-03
1.011357096026113331e-03
9.949145120674955656e-04
9.789979846806175397e-04
9.635826673775351164e-04
9.486452540357861356e-04
9.341638613585142529e-04
9.201179219350014583e-04
9.064880868028533153e-04
8.932561365413390405e-04
8.804049000370289509e-04
8.679181801602934426e-04
8.557806856763699533e-04
8.439779687892986614e-04
8.324963677824858419e-04
8.213229542772114856e-04
8.104454846810938947e-04
7.998523554432645415e-04
7.895325617725483091e-04
7.794756595099575644e-04
7.696717298778600657e-04
7.601113468557605312e-04
7.507855469571728200e-04
7.416858012039193558e-04
7.328039891137024800e-04
7.241323745342176030e-04
7.156635831726757945e-04
7.073905816835756710e-04
6.993066581901002032e-04
6.914054041257763255e-04
6.836806972931642763e-04
6.761266860454687904e-04
6.687377745051854405e-04
6.615086087413260063e-04
6.544340638334751430e-04
6.475092317570020411e-04
6.407294100292535355e-04
6.340900910615402753e-04
6.275869521662555276e-04
6.212158461725782350e-04
6.149727926079567863e-04
6.088539694059727243e-04
6.028557051042908324e-04
5.969744714992323512e-04
5.912068767260963888e-04
5.855496587367141435e-04
5.799996791478859203e-04
5.745539174363284039e-04
5.692094654575709147e-04
5.639635222679074229e-04
5.588133892300323376e-04
5.537564653843932150e-04
5.487902430695803689e-04
